diameter_coefficient: 0.007517030772844727
motor_intercept: -51.304312538704494
motor_slope: 2.5377984045767166
